hyungwon01 1 0.000 0.310 1
hyungwon01 1 0.310 0.110 15
hyungwon01 1 0.420 0.110 13
hyungwon01 1 0.530 0.100 109
hyungwon01 1 0.630 0.030 13
hyungwon01 1 0.660 0.340 41
hyungwon01 1 1.000 0.030 12
hyungwon01 1 1.030 0.200 183
hyungwon01 1 1.230 0.110 73
hyungwon01 1 1.340 0.060 41
hyungwon01 1 1.400 0.100 137
hyungwon01 1 1.500 0.110 73
hyungwon01 1 1.610 0.050 173
hyungwon01 1 1.660 0.050 109
hyungwon01 1 1.710 0.170 80
hyungwon01 1 1.880 0.080 1
hyungwon01 1 1.960 0.040 119
hyungwon01 1 2.000 0.050 173
hyungwon01 1 2.050 0.070 109
hyungwon01 1 2.120 0.070 141
hyungwon01 1 2.190 0.060 41
hyungwon01 1 2.250 0.030 13
hyungwon01 1 2.280 0.170 117
hyungwon01 1 2.450 0.060 141
hyungwon01 1 2.510 0.270 184
hyungwon01 1 2.780 0.450 1
yejin01 1 0.000 0.730 1
yejin01 1 0.730 0.140 35
yejin01 1 0.870 0.060 85
yejin01 1 0.930 0.040 141
yejin01 1 0.970 0.030 68
yejin01 1 1.000 0.160 1
yejin01 1 1.160 0.050 119
yejin01 1 1.210 0.120 13
yejin01 1 1.330 0.030 56
yejin01 1 1.360 0.170 27
yejin01 1 1.530 0.140 141
yejin01 1 1.670 0.150 49
yejin01 1 1.820 0.100 141
yejin01 1 1.920 0.150 68
yejin01 1 2.070 0.070 183
yejin01 1 2.140 0.120 41
yejin01 1 2.260 0.080 173
yejin01 1 2.340 0.100 65
yejin01 1 2.440 0.100 36
yejin01 1 2.540 0.160 63
yejin01 1 2.700 0.040 13
yejin01 1 2.740 0.100 77
yejin01 1 2.840 0.060 36
yejin01 1 2.900 0.060 75
yejin01 1 2.960 0.110 13
yejin01 1 3.070 0.030 81
yejin01 1 3.100 0.070 57
yejin01 1 3.170 0.090 41
yejin01 1 3.260 0.040 141
yejin01 1 3.300 0.050 125
yejin01 1 3.350 0.050 53
yejin01 1 3.400 0.150 13
yejin01 1 3.550 0.070 129
yejin01 1 3.620 0.330 104
yejin01 1 3.950 0.960 1
