test01 1 0.000 0.160 6
test01 1 0.160 0.070 106
test01 1 0.230 0.065 6
test01 1 0.295 0.040 66
test01 1 0.335 0.005 86
test01 1 0.340 0.020 18
test01 1 0.360 0.045 6
test01 1 0.405 0.090 218
test01 1 0.495 0.050 6
test01 1 0.545 0.005 98
test01 1 0.550 0.045 170
test01 1 0.595 0.075 6
test01 1 0.670 0.015 198
test01 1 0.685 0.015 122
test01 1 0.700 0.090 6
test01 1 0.790 0.135 162
test01 1 0.925 0.055 206
test01 1 0.980 0.055 6
test01 1 1.035 0.005 22
test01 1 1.040 0.005 18
test01 1 1.045 0.045 6
test01 1 1.090 0.105 102
test01 1 1.195 0.025 6
test01 1 1.220 0.015 86
test01 1 1.235 0.015 6
test01 1 1.250 0.065 82
test01 1 1.315 0.040 6
test01 1 1.355 0.005 62
test01 1 1.360 0.075 6
test01 1 1.435 0.055 218
test01 1 1.490 0.050 6
test01 1 1.540 0.005 74
test01 1 1.545 0.025 6
test01 1 1.570 0.025 62
test01 1 1.595 0.040 6
test01 1 1.635 0.050 158
test01 1 1.685 0.080 58
test01 1 1.765 0.110 6
test01 1 1.875 0.005 54
test01 1 1.880 0.110 6
test01 1 1.990 0.030 198
test01 1 2.020 0.025 6
test01 1 2.045 0.075 118
test01 1 2.120 0.005 34
test01 1 2.125 0.005 18
test01 1 2.130 0.035 62
test01 1 2.165 0.015 186
test01 1 2.180 0.015 6
test01 1 2.195 0.015 158
test01 1 2.210 0.115 6
test01 1 2.325 0.005 74
test01 1 2.330 0.105 6
